2
3
6
7
8
10
11
12
13
14
15
16
20
21
23
24
25
28
29
30
31
32
33
38
41
42
43
44
46
51
52
53
55
56
57
63
64
65
66
67
68
69
70
72
73
76
77
78
79
80
81
86
87
89
90
96
97
100
101
102
103
104
105
110
113
114
115
116
118
123
124
125
127
128
129
135
136
137
138
139
140
141
142
144
145
148
149
150
151
152
153
158
161
162
163
164
166
171
172
173
175
176
177
183
184
185
186
187
188
189
190
192
193
202
203
204
205
206
207
208
209
210
211
212
213
214
215
216
217
218
219
220
221
222
223
224
225
242
243
244
245
246
247
248
249
254
255
256
257
258
259
260
261
282
283
284
285
286
287
288
289
290
291
292
293
294
295
311
312
313
314
315
316
320
321
322
323
324
325
338
339
340
341
342
343
344
345
346
347
348
349
350
351
352
353
354
355
364
365
366
367
368
369
374
375
377
378
384
385
