0
1
4
5
8
9
10
15
16
17
18
19
20
21
22
23
25
26
27
34
35
36
37
39
40
45
47
48
49
50
52
53
54
56
57
58
59
60
61
62
64
65
71
72
73
74
75
82
83
84
85
88
91
92
93
94
95
98
99
106
107
108
109
111
112
117
119
120
121
122
124
125
126
128
129
130
131
132
133
134
136
137
143
144
145
146
147
154
155
156
157
159
160
165
167
168
169
170
172
173
174
176
177
178
179
180
181
182
184
185
191
192
193
194
195
196
197
198
199
200
201
226
227
228
229
230
231
232
233
234
235
236
237
238
239
240
241
250
251
252
253
262
263
264
265
266
267
268
269
270
271
272
273
274
275
276
277
278
279
280
281
296
297
298
299
300
301
302
303
304
305
306
307
308
309
310
317
318
319
326
327
328
329
330
331
332
333
334
335
336
337
356
357
358
359
360
361
362
363
370
371
372
373
376
379
380
381
382
383